-3.141592653589793,0.0,0.0202
-3.12413936106985,0.0736,0.02264
-3.1066860685499065,0.1472,0.025079999999999998
-3.0892327760299634,0.2208,0.02752
-3.07177948351002,0.2944,0.02996
-3.0543261909900767,0.368,0.0324
-3.036872898470133,0.4414,0.04478
-3.01941960595019,0.5148,0.05716
-3.001966313430247,0.5882,0.06953999999999999
-2.9845130209103035,0.6616,0.08191999999999999
-2.9670597283903604,0.735,0.0943
-2.949606435870417,0.731,0.11334999999999999
-2.9321531433504737,0.727,0.1324
-2.91469985083053,0.723,0.15145
-2.897246558310587,0.719,0.17049999999999998
-2.8797932657906435,0.715,0.18955
-2.8623399732707004,0.711,0.2086
-2.8448866807507573,0.707,0.22765
-2.827433388230814,0.703,0.2467
-2.8099800957108707,0.699,0.26575000000000004
-2.792526803190927,0.695,0.2848
-2.775073510670984,0.7113999999999999,0.30786
-2.7576202181510405,0.7278,0.33092
-2.7401669256310974,0.7442,0.35398
-2.722713633111154,0.7606,0.37704000000000004
-2.705260340591211,0.777,0.4001
-2.6878070480712677,0.7872,0.42438
-2.670353755551324,0.7974,0.44866
-2.652900463031381,0.8076,0.47293999999999997
-2.6354471705114375,0.8178,0.49722
-2.6179938779914944,0.828,0.5215
-2.600540585471551,0.8323999999999999,0.54614
-2.5830872929516078,0.8368,0.57078
-2.5656340004316642,0.8412,0.5954200000000001
-2.548180707911721,0.8456,0.6200600000000001
-2.530727415391778,0.85,0.6447
-2.5132741228718345,0.8492,0.66896
-2.4958208303518914,0.8483999999999999,0.6932200000000001
-2.478367537831948,0.8476,0.71748
-2.4609142453120048,0.8468,0.7417400000000001
-2.443460952792061,0.846,0.766
-2.426007660272118,0.8403999999999999,0.78926
-2.4085543677521746,0.8348,0.81252
-2.3911010752322315,0.8291999999999999,0.83578
-2.3736477827122884,0.8236,0.85904
-2.356194490192345,0.818,0.8823
-2.3387411976724017,0.8086,0.90406
-2.321287905152458,0.7992,0.92582
-2.303834612632515,0.7898,0.94758
-2.2863813201125716,0.7804,0.96934
-2.2689280275926285,0.771,0.9911
-2.251474735072685,0.7578,1.01098
-2.234021442552742,0.7446,1.03086
-2.2165681500327987,0.7313999999999999,1.05074
-2.199114857512855,0.7182,1.07062
-2.181661564992912,0.705,1.0905
-2.1642082724729685,0.6888,1.1081400000000001
-2.1467549799530254,0.6726,1.12578
-2.129301687433082,0.6564,1.14342
-2.111848394913139,0.6402,1.16106
-2.0943951023931953,0.624,1.1787
-2.076941809873252,0.6052,1.1938600000000001
-2.059488517353309,0.5864,1.20902
-2.0420352248333655,0.5676,1.22418
-2.0245819323134224,0.5488,1.2393399999999999
-2.007128639793479,0.53,1.2545
-1.9896753472735358,0.5092,1.2669599999999999
-1.9722220547535925,0.4884,1.27942
-1.9547687622336491,0.4676,1.29188
-1.9373154697137058,0.4468,1.30434
-1.9198621771937625,0.426,1.3168
-1.9024088846738192,0.4036,1.32644
-1.8849555921538759,0.3812,1.33608
-1.8675022996339325,0.3588,1.34572
-1.8500490071139892,0.3364,1.35536
-1.8325957145940461,0.314,1.365
-1.8151424220741028,0.2902,1.37168
-1.7976891295541595,0.26639999999999997,1.37836
-1.7802358370342162,0.2426,1.38504
-1.7627825445142729,0.2188,1.39172
-1.7453292519943295,0.195,1.3984
-1.7278759594743862,0.1706,1.4021000000000001
-1.710422666954443,0.1462,1.4058000000000002
-1.6929693744344996,0.1218,1.4095
-1.6755160819145565,0.09739999999999999,1.4132
-1.6580627893946132,0.073,1.4169
-1.6406094968746698,0.0484,1.41754
-1.6231562043547265,0.023799999999999995,1.41818
-1.6057029118347832,-0.0007999999999999952,1.41882
-1.5882496193148399,-0.025400000000000006,1.41946
-1.5707963267948966,-0.05,1.4201
-1.5533430342749532,-0.0746,1.4177
-1.53588974175501,-0.0992,1.4153
-1.5184364492350666,-0.1238,1.4128999999999998
-1.5009831567151235,-0.14839999999999998,1.4104999999999999
-1.4835298641951802,-0.173,1.4081
-1.4660765716752369,-0.1972,1.4026999999999998
-1.4486232791552935,-0.22139999999999999,1.3973
-1.4311699866353502,-0.24559999999999998,1.3919
-1.413716694115407,-0.2698,1.3865
-1.3962634015954636,-0.294,1.3811
-1.3788101090755203,-0.317,1.37276
-1.361356816555577,-0.33999999999999997,1.36442
-1.3439035240356338,-0.363,1.35608
-1.3264502315156905,-0.386,1.34774
-1.3089969389957472,-0.409,1.3394
-1.2915436464758039,-0.43079999999999996,1.32818
-1.2740903539558606,-0.4526,1.31696
-1.2566370614359172,-0.4744,1.3057400000000001
-1.239183768915974,-0.49620000000000003,1.2945200000000001
-1.2217304763960306,-0.518,1.2833
-1.2042771838760873,-0.5378000000000001,1.2694
-1.1868238913561442,-0.5576,1.2555
-1.1693705988362009,-0.5774,1.2416
-1.1519173063162575,-0.5972,1.2277
-1.1344640137963142,-0.617,1.2138
-1.117010721276371,-0.6348,1.19734
-1.0995574287564276,-0.6526,1.18088
-1.0821041362364843,-0.6704,1.16442
-1.064650843716541,-0.6881999999999999,1.1479599999999999
-1.0471975511965976,-0.706,1.1315
-1.0297442586766545,-0.7208,1.11276
-1.0122909661567112,-0.7356,1.09402
-0.9948376736367679,-0.7504,1.07528
-0.9773843811168246,-0.7652,1.05654
-0.9599310885968813,-0.78,1.0378
-0.9424777960769379,-0.7918000000000001,1.01706
-0.9250245035569946,-0.8036,0.9963200000000001
-0.9075712110370514,-0.8154,0.97558
-0.8901179185171081,-0.8271999999999999,0.95484
-0.8726646259971648,-0.839,0.9341
-0.8552113334772214,-0.847,0.9117000000000001
-0.8377580409572782,-0.855,0.8893000000000001
-0.8203047484373349,-0.863,0.8669
-0.8028514559173916,-0.871,0.8445
-0.7853981633974483,-0.879,0.8221
-0.767944870877505,-0.8828,0.79852
-0.7504915783575618,-0.8866,0.7749400000000001
-0.7330382858376184,-0.8904,0.75136
-0.7155849933176751,-0.8942,0.7277800000000001
-0.6981317007977318,-0.898,0.7042
-0.6806784082777885,-0.897,0.67994
-0.6632251157578453,-0.896,0.65568
-0.6457718232379019,-0.895,0.63142
-0.6283185307179586,-0.894,0.6071599999999999
-0.6108652381980153,-0.893,0.5829
-0.5934119456780721,-0.8868,0.55864
-0.5759586531581288,-0.8806,0.53438
-0.5585053606381855,-0.8744,0.51012
-0.5410520681182421,-0.8682,0.48586
-0.5235987755982988,-0.862,0.4616
-0.5061454830783556,-0.8502,0.4381
-0.4886921905584123,-0.8384,0.4146
-0.47123889803846897,-0.8266,0.3911
-0.4537856055185257,-0.8148000000000001,0.36760000000000004
-0.4363323129985824,-0.803,0.3441
-0.4188790204786391,-0.792,0.3209
-0.4014257279586958,-0.789,0.2972
-0.3839724354387525,-0.792,0.273
-0.3665191429188092,-0.801,0.2485
-0.3490658503988659,-0.815,0.2237
-0.33161255787892263,-0.833,0.199
-0.3141592653589793,-0.854,0.1743
-0.29670597283903605,-0.879,0.1498
-0.2792526803190927,-0.905,0.1256
-0.2617993877991494,-0.932,0.102
-0.24434609527920614,-0.959,0.0789
-0.22689280275926285,-0.985,0.0567
-0.20943951023931956,-0.9524752475247524,0.02713168316831683
-0.19198621771937624,-0.9,0.0303
-0.17453292519943295,-0.8284313725490196,0.028731372549019606
-0.15707963267948966,-0.7544799999999999,0.027132
-0.13962634015954636,-0.6283333333333333,0.01948823529411764
-0.12217304763960307,-0.4929611650485437,0.01052621359223301
-0.10471975511965978,-0.35452941176470587,0.009070588235294118
-0.08726646259971647,-0.22,0.0073
-0.06981317007977318,-0.084,0.007
-0.05235987755982989,0.049,0.0068
-0.03490658503988659,0.181,0.0068
-0.017453292519943295,0.312,0.0067
0.0,0.444,0.0065
0.017453292519943295,0.573,0.0066
0.03490658503988659,0.701,0.0068
0.05235987755982989,0.827,0.007
0.06981317007977318,0.952,0.0073
0.08726646259971647,1.062,0.0079
0.10471975511965978,1.161,0.0099
0.12217304763960307,1.254,0.0132
0.13962634015954636,1.336,0.0153
0.15707963267948966,1.4,0.0181
0.17453292519943295,1.442,0.0262
0.19198621771937624,1.374,0.042
0.20943951023931956,1.277,0.0601
0.22689280275926285,1.246,0.0785
0.24434609527920614,1.256,0.1
0.2617993877991494,1.271,0.1219
0.2792526803190927,1.289,0.1433
0.29670597283903605,1.304,0.1649
0.3141592653589793,1.315,0.1845
0.33161255787892263,1.33,0.2061
0.3490658503988659,1.354,0.228
0.3665191429188092,1.36,0.2536
0.3839724354387525,1.325,0.2814
0.4014257279586958,1.288,0.3098
0.4188790204786391,1.251,0.3386
0.4363323129985824,1.215,0.3678
0.4537856055185257,1.181,0.3972
0.47123889803846897,1.1505,0.42674999999999996
0.4886921905584123,1.12,0.4563
0.5061454830783556,1.098,0.48560000000000003
0.5235987755982988,1.076,0.5149
0.5410520681182421,1.066,0.54345
0.5585053606381855,1.056,0.572
0.5759586531581288,1.0593333333333335,0.5996
0.5934119456780721,1.0626666666666666,0.6272
0.6108652381980153,1.066,0.6548
0.6283185307179586,1.0656,0.68186
0.6457718232379019,1.0652000000000001,0.70892
0.6632251157578453,1.0648,0.7359800000000001
0.6806784082777885,1.0644,0.76304
0.6981317007977318,1.064,0.7901
0.7155849933176751,1.0582,0.81588
0.7330382858376184,1.0524,0.8416600000000001
0.7504915783575618,1.0466,0.86744
0.767944870877505,1.0408,0.89322
0.7853981633974483,1.035,0.919
0.8028514559173916,1.024,0.94276
0.8203047484373349,1.013,0.96652
0.8377580409572782,1.002,0.99028
0.8552113334772214,0.991,1.01404
0.8726646259971648,0.98,1.0378
0.8901179185171081,0.9648,1.05892
0.9075712110370514,0.9496,1.0800400000000001
0.9250245035569946,0.9344,1.10116
0.9424777960769379,0.9192,1.12228
0.9599310885968813,0.904,1.1434
0.9773843811168246,0.8852,1.16138
0.9948376736367679,0.8664000000000001,1.17936
1.0122909661567112,0.8476,1.19734
1.0297442586766545,0.8288,1.21532
1.0471975511965976,0.81,1.2333
1.064650843716541,0.7884,1.24774
1.0821041362364843,0.7668,1.26218
1.0995574287564276,0.7452,1.27662
1.117010721276371,0.7236,1.29106
1.1344640137963142,0.702,1.3055
1.1519173063162575,0.6779999999999999,1.31614
1.1693705988362009,0.6539999999999999,1.32678
1.1868238913561442,0.63,1.33742
1.2042771838760873,0.606,1.34806
1.2217304763960306,0.582,1.3587
1.239183768915974,0.5568,1.3654
1.2566370614359172,0.5316,1.3721
1.2740903539558606,0.5064,1.3788
1.2915436464758039,0.4812,1.3855000000000002
1.3089969389957472,0.456,1.3922
1.3264502315156905,0.43,1.3950200000000001
1.3439035240356338,0.404,1.3978400000000002
1.361356816555577,0.378,1.40066
1.3788101090755203,0.352,1.40348
1.3962634015954636,0.326,1.4063
1.413716694115407,0.3002,1.40588
1.4311699866353502,0.2744,1.40546
1.4486232791552935,0.24860000000000002,1.40504
1.4660765716752369,0.2228,1.40462
1.4835298641951802,0.197,1.4042
1.5009831567151235,0.17200000000000001,1.40306
1.5184364492350666,0.14700000000000002,1.40192
1.53588974175501,0.12200000000000001,1.40078
1.5533430342749532,0.097,1.39964
1.5707963267948966,0.072,1.3985
1.5882496193148399,0.04759999999999999,1.39826
1.6057029118347832,0.02319999999999999,1.39802
1.6231562043547265,-0.0012000000000000066,1.39778
1.6406094968746698,-0.02560000000000001,1.39754
1.6580627893946132,-0.05,1.3973
1.6755160819145565,-0.07400000000000001,1.39404
1.6929693744344996,-0.098,1.39078
1.710422666954443,-0.12200000000000001,1.38752
1.7278759594743862,-0.14600000000000002,1.38426
1.7453292519943295,-0.17,1.381
1.7627825445142729,-0.19340000000000002,1.37476
1.7802358370342162,-0.2168,1.36852
1.7976891295541595,-0.24019999999999997,1.3622800000000002
1.8151424220741028,-0.2636,1.3560400000000001
1.8325957145940461,-0.287,1.3498
1.8500490071139892,-0.3094,1.3406600000000002
1.8675022996339325,-0.3318,1.33152
1.8849555921538759,-0.3542,1.32238
1.9024088846738192,-0.37660000000000005,1.31324
1.9198621771937625,-0.399,1.3041
1.9373154697137058,-0.41960000000000003,1.29212
1.9547687622336491,-0.44020000000000004,1.28014
1.9722220547535925,-0.4608,1.26816
1.9896753472735358,-0.4814,1.25618
2.007128639793479,-0.502,1.2442
2.0245819323134224,-0.5208,1.22954
2.0420352248333655,-0.5396,1.21488
2.059488517353309,-0.5584,1.20022
2.076941809873252,-0.5771999999999999,1.18556
2.0943951023931953,-0.596,1.1709
2.111848394913139,-0.6122,1.1537600000000001
2.129301687433082,-0.6284,1.13662
2.1467549799530254,-0.6446000000000001,1.11948
2.1642082724729685,-0.6608,1.1023399999999999
2.181661564992912,-0.677,1.0852
2.199114857512855,-0.6902,1.06582
2.2165681500327987,-0.7034,1.04644
2.234021442552742,-0.7166,1.0270599999999999
2.251474735072685,-0.7298,1.00768
2.2689280275926285,-0.743,0.9883
2.2863813201125716,-0.7528,0.967
2.303834612632515,-0.7626000000000001,0.9457
2.321287905152458,-0.7724,0.9244
2.3387411976724017,-0.7822,0.9031
2.356194490192345,-0.792,0.8818
2.3736477827122884,-0.7978000000000001,0.8589600000000001
2.3911010752322315,-0.8036,0.83612
2.4085543677521746,-0.8094,0.81328
2.426007660272118,-0.8151999999999999,0.7904399999999999
2.443460952792061,-0.821,0.7676
2.4609142453120048,-0.822,0.7436999999999999
2.478367537831948,-0.823,0.7198
2.4958208303518914,-0.824,0.6959
2.5132741228718345,-0.825,0.6719999999999999
2.530727415391778,-0.826,0.6481
2.548180707911721,-0.822,0.62376
2.5656340004316642,-0.818,0.59942
2.5830872929516078,-0.8140000000000001,0.57508
2.600540585471551,-0.81,0.55074
2.6179938779914944,-0.806,0.5264
2.6354471705114375,-0.7964,0.50232
2.652900463031381,-0.7868,0.47824
2.670353755551324,-0.7772,0.45416
2.6878070480712677,-0.7676000000000001,0.43008
2.705260340591211,-0.758,0.406
2.722713633111154,-0.7422,0.38304000000000005
2.7401669256310974,-0.7264,0.36008
2.7576202181510405,-0.7106,0.33712000000000003
2.775073510670984,-0.6948000000000001,0.31416
2.792526803190927,-0.679,0.2912
2.8099800957108707,-0.6846000000000001,0.27203
2.827433388230814,-0.6902,0.25286000000000003
2.8448866807507573,-0.6958,0.23369
2.8623399732707004,-0.7014,0.21452
2.8797932657906435,-0.7070000000000001,0.19535000000000002
2.897246558310587,-0.7126,0.17618
2.91469985083053,-0.7182,0.15701
2.9321531433504737,-0.7238,0.13784
2.949606435870417,-0.7294,0.11867
2.9670597283903604,-0.735,0.0995
2.9845130209103035,-0.6616,0.08672
3.001966313430247,-0.5882,0.07394
3.01941960595019,-0.5148,0.06116
3.036872898470133,-0.44139999999999996,0.04837999999999999
3.0543261909900767,-0.368,0.0356
3.07177948351002,-0.2944,0.03252
3.0892327760299634,-0.2208,0.02944
3.1066860685499065,-0.1472,0.02636
3.12413936106985,-0.0736,0.02328
3.141592653589793,0.0,0.0202
